data/n20_con/iter865/X20_865.asc
NCOLS 20 
NROWS 20 
XLLCORNER 0 
YLLCORNER 0 
CELLSIZE 1 
NODATA_value -9999 
0.896697200136259 0 0 0.572853363351896 0.908207789994776 0 0 0 0 0.62911404389888 0 0.205974574899301 0.176556752528995 0 0.384103718213737 0 0 0 0.991906094830483 0.380035179434344
0.777445221319795 0 0.212142521282658 0.651673766085878 0 0 0.386114092543721 0.0133903331588954 0 0 0.34034899668768 0.482080115471035 0.599565825425088 0 0 0 0.668466738192365 0 0 0.723710946040228
0 0.820946294115856 0.647060193819925 0 0.553036311641335 0.529719580197707 0.789356231689453 0 0 0.7323137386702 0 0 0.8612094768323 0 0.244797277031466 0.0706790471449494 0.0994661601725966 0.31627170718275 0 0.662005076417699
0.406830187188461 0.912875924259424 0.293603372760117 0 0.332394674187526 0.65087046707049 0.258016780717298 0.478545248275623 0 0 0 0.339072937844321 0.839440350187942 0.34668348915875 0.333774930797517 0.476351245073602 0.892198335845023 0.864339470630512 0 0.777320698834956
0 0.434659484773874 0 0.399994368897751 0.325352151878178 0.757087148027495 0.202692255144939 0.711121222469956 0.121691921027377 0.245488513959572 0 0 0 0.642288258532062 0.876269212691113 0.778914677444845 0.79730882588774 0.455274453619495 0 0.810870242770761
0 0.654723928077146 0.353197271935642 0 0.99268406117335 0.633493264438584 0 0 0 0.924074469832703 0 0 0.731792511884123 0 0 0.148211560677737 0 0 0.103184235747904 0.446284348610789
0 0.991838620044291 0 0.484349524369463 0 0 0.453895489219576 0 0 0.228658142732456 0 0.57487219828181 0.0770643802825361 0.0355405795853585 0.642795492196456 0.928615199634805 0.598092422354966 0.560900748008862 0.526027723914012 0
0 0.682788078673184 0.601541217649356 0 0.258165926672518 0.729309623362496 0.452570831403136 0 0.746698269620538 0 0 0.614644971676171 0.557159538846463 0.328777319053188 0 0 0 0 0.0752757457084954 0.277755932649598
0.212699519237503 0.284790480975062 0.895094102947041 0 0.779984889784828 0.880619034869596 0.413124209502712 0.0638084805104882 0.335487491684034 0 0.337615333497524 0 0 0 0 0 0.895445425994694 0.644315762910992 0.741078648716211 0
0.903081611497328 0.293730155099183 0 0.886450943304226 0 0.877057543024421 0 0 0.724498892668635 0.943724818294868 0.547646587016061 0.711743867723271 0 0.100873126182705 0 0.283232500310987 0 0 0.840507032116875 0
0 0 0.218645284883678 0.516796836396679 0.268950592027977 0 0.518576137488708 0 0.129156854469329 0.256367604015395 0 0.961409936426207 0 0.763222689507529 0.947966354666278 0.818634688388556 0.308292330708355 0 0.953355451114476 0
0 0 0.165453933179379 0.322168056620285 0.510125206550583 0 0.510959698352963 0.305707359686494 0.0464608869515359 0.41785625834018 0.854001502273604 0 0.131442320533097 0 0.631420228397474 0 0 0.689413412474096 0 0
0.452720062807202 0.306443258887157 0 0.910370304249227 0.142604082124308 0 0 0 0 0 0 0 0.932909828843549 0 0 0 0 0 0 0
0 0 0.317144671687856 0 0.787540507735685 0 0 0.0644575387705117 0 0 0.169576766667888 0.0622140523046255 0 0.381716351723298 0 0 0.192209535045549 0.257170021301135 0.181231822818518 0
0.770737042883411 0.0277871224097908 0.527310776989907 0 0 0.0479591316543519 0.138628246728331 0 0.154831611318514 0.132228172151372 0.221305927727371 0.226380796171725 0.13141653384082 0.981563460314646 0.327013726811856 0 0.68144251476042 0 0 0
0.929253919748589 0.673712232848629 0 0.492596120806411 0 0 0.991099219536409 0.176350713707507 0 0 0 0.141144325723872 0 0 0.719913988374174 0.267212083097547 0.495001644827425 0.0831138978246599 0 0.969208805356175
0.624714189674705 0.664618249749765 0 0.405689612729475 0 0.855082356370986 0.953548396006227 0.812305092345923 0.782182115828618 0.267878128914163 0.762151529546827 0 0 0 0.812131523853168 0.0771516691893339 0 0 0 0.582205270184204
0.970162178855389 0.98949983343482 0.176452036481351 0.542130424408242 0.384303892031312 0.676164050819352 0 0.469250942347571 0 0 0 0.486149104312062 0.0638024667277932 0 0.418321635806933 0 0 0 0.0822392308618873 0
0.471930730855092 0 0 0.837416569236666 0.276849841699004 0.587035141419619 0 0 0.702778743347153 0 0.46396238100715 0 0 0 0 0.221813754411414 0 0 0.864807550329715 0.177194535732269
0 0 0 0 0 0 0.240811596158892 0 0 0.113507706439123 0.963312016334385 0 0 0 0 0 0 0 0.311772374436259 0.351573409279808
