data/n150/cont150_0.asc
NCOLS 150 
NROWS 150 
XLLCORNER 0 
YLLCORNER 0 
CELLSIZE 1 
NODATA_value -9999 
[rows 0 to 19 of 150, columns 44 to 87 of 150]
0.553036311641335 0.529719580197707 0.789356231689453 0.023331202333793 0.477230065036565 0.7323137386702 0.692731556482613 0.477619622135535 0.8612094768323 0.438097107224166 0.244797277031466 0.0706790471449494 0.0994661601725966 0.31627170718275 0.518634263193235 0.662005076417699 0.406830187188461 0.912875924259424 0.293603372760117 0.459065726259723 0.332394674187526 0.65087046707049 0.258016780717298 0.478545248275623 0.766310670645908 0.0842469143681228 0.875321330036968 0.339072937844321 0.839440350187942 0.34668348915875 0.333774930797517 0.476351245073602 0.892198335845023 0.864339470630512 0.389989543473348 0.777320698834956 0.960617997217923 0.434659484773874 0.712514678714797 0.399994368897751 0.325352151878178 0.757087148027495 0.202692255144939 0.711121222469956
0.927302088588476 0.283232500310987 0.59057315881364 0.110360604943708 0.840507032116875 0.317963684443384 0.782851336989552 0.267508207354695 0.218645284883678 0.516796836396679 0.268950592027977 0.181168327340856 0.518576137488708 0.562782935798168 0.129156854469329 0.256367604015395 0.717935275984928 0.961409936426207 0.100140846567228 0.763222689507529 0.947966354666278 0.818634688388556 0.308292330708355 0.649579460499808 0.953355451114476 0.953732650028542 0.339979203417897 0.262474110117182 0.165453933179379 0.322168056620285 0.510125206550583 0.923968471353874 0.510959698352963 0.305707359686494 0.0464608869515359 0.41785625834018 0.854001502273604 0.347230677725747 0.131442320533097 0.374486864544451 0.631420228397474 0.390078933676705 0.689627848798409 0.689413412474096
0.384303892031312 0.676164050819352 0.26929377974011 0.469250942347571 0.171800082316622 0.36918946239166 0.725405272562057 0.486149104312062 0.0638024667277932 0.784546229988337 0.418321635806933 0.981018084799871 0.282883955864236 0.847882149508223 0.0822392308618873 0.886458750581369 0.471930730855092 0.109100963454694 0.333277984522283 0.837416569236666 0.276849841699004 0.587035141419619 0.836732269730419 0.0711540239863098 0.702778743347153 0.69882453721948 0.46396238100715 0.436931110452861 0.562176787760109 0.928483226336539 0.230466414242983 0.221813754411414 0.420215893303975 0.333520805696025 0.864807550329715 0.177194535732269 0.49331872863695 0.429713366786018 0.564263842999935 0.656162315513939 0.97855406277813 0.232161148451269 0.240811596158892 0.796836083987728
0.164326574420556 0.399102555820718 0.459575412096456 0.434030848555267 0.517009826377034 0.846245752647519 0.0551642864011228 0.554177061188966 0.688275237567723 0.658057553693652 0.663342725252733 0.472234202548862 0.969528166111559 0.402197062736377 0.849552103783935 0.756644907407463 0.532601219369099 0.874149660812691 0.467115115607157 0.00812845537438989 0.72776700463146 0.716589478775859 0.187426371034235 0.646067276829854 0.541979279834777 0.335320759797469 0.637908723205328 0.829201063839719 0.708975198445842 0.348550350870937 0.128327874932438 0.38807848887518 0.92817754833959 0.804390771314502 0.758696807082742 0.957249888917431 0.993913878686726 0.606440994655713 0.0293771654833108 0.336445357883349 0.277658086735755 0.117197550134733 0.0432182590011507 0.370309785706922
0.201983017381281 0.792378755984828 0.224630508804694 0.0307565710972995 0.862034041201696 0.685107505181804 0.942074909573421 0.675853760447353 0.843120148405433 0.361894184956327 0.392365885199979 0.567687397589907 0.0951521336100996 0.193784071598202 0.588066393043846 0.751504168147221 0.867238787235692 0.371795737184584 0.798814549576491 0.0583143925759941 0.623435709392652 0.356641406659037 0.587927932385355 0.913784642005339 0.199442182900384 0.369083623867482 0.671408327762038 0.768144550733268 0.522248276043683 0.828075018012896 0.52709619468078 0.501754825003445 0.419973319862038 0.362298283260316 0.123428910272196 0.298161529470235 0.276676489738747 0.791456031380221 0.77818130212836 0.143787280656397 0.515526150586084 0.597240485483781 0.505843024002388 0.386099633062258
0.342743474291638 0.517950570676476 0.625245335279033 0.23726485366933 0.516123914392665 0.806541827740148 0.348264734493569 0.858687452971935 0.034438761183992 0.970997145865113 0.745110136223957 0.273255241801962 0.677106101531535 0.347947468049824 0.947020521620288 0.338623774936423 0.0317132039926946 0.35358579759486 0.387123587774113 0.356947160093114 0.959968606010079 0.383738204836845 0.546337621053681 0.925323475850746 0.916859527118504 0.24273299286142 0.717090838821605 0.348946035839617 0.5542833507061 0.74297241307795 0.819698318606243 0.869657265022397 0.0358651343267411 0.220024403417483 0.3669732096605 0.305696442024782 0.727830457501113 0.699728766223416 0.910060926806182 0.845602609682828 0.778544640168548 0.400843428215012 0.576804658863693 0.0763594461604953
0.411155431065708 0.456341215176508 0.415860247565433 0.670353451743722 0.756904080044478 0.911651314469054 0.819952085847035 0.0936498525552452 0.177906081313267 0.6422145802062 0.874282993841916 0.592313350411132 0.262432192219421 0.883752264082432 0.187689346261322 0.488866982283071 0.0098204871173948 0.360434043221176 0.442161690909415 0.125729221384972 0.6243645476643 0.302431331714615 0.239637228194624 0.358629763592035 0.89291041251272 0.990627265069634 0.732421197462827 0.99278808827512 0.53978936211206 0.433801761828363 0.96467367419973 0.148319643223658 0.0664930557832122 0.0242514880374074 0.61242324183695 0.696608748054132 0.801141887204722 0.137730283895507 0.15978482272476 0.988833592971787 0.398645695531741 0.187911816174164 0.477728241123259 0.544234022730961
0.299640627577901 0.704478821484372 0.771674948045984 0.0138403405435383 0.551313953474164 0.652461190475151 0.931660708039999 0.690391705138609 0.253767139045522 0.411038370104507 0.122891113162041 0.13196655572392 0.640118008246645 0.346423432230949 0.422756604617462 0.939408880425617 0.383889230899513 0.228585131000727 0.69027868588455 0.00985791743732989 0.686130894348025 0.791674596024677 0.507493488723412 0.308076248969883 0.737212277250364 0.304715243401006 0.774708701763302 0.112113637849689 0.797743699979037 0.491001167334616 0.832918174797669 0.758423154940829 0.902146560838446 0.278440013062209 0.445692849811167 0.272015735739842 0.329918325645849 0.863600653829053 0.109857953386381 0.402256899746135 0.406075093662366 0.375194273656234 0.177000096300617 0.265730200102553
0.297975734807551 0.962841981789097 0.540701985592023 0.961099177366123 0.792595364153385 0.754777192836627 0.065966630121693 0.135504779173061 0.123599375598133 0.762543860822916 0.903465715935454 0.402659090235829 0.182563007809222 0.37456521904096 0.506208677310497 0.9135026789736 0.0766451810486615 0.109745523892343 0.754267222480848 0.304598775692284 0.72380965645425 0.232330028899014 0.393458866979927 0.507879396900535 0.939916865434498 0.0578751706052572 0.304765704553574 0.240924044046551 0.385203435085714 0.762983355671167 0.864646998699754 0.679111215053126 0.676762705435976 0.165052519412711 0.802867429330945 0.711993431439623 0.928703089011833 0.00749460491351783 0.596331653418019 0.366745680803433 0.741967155365273 0.762087390525267 0.260722959181294 0.254935881355777
0.948906435165554 0.719150138553232 0.279324544593692 0.743782856035978 0.870748400921002 0.380370125174522 0.719447515904903 0.239606710383669 0.647764874156564 0.975670760730281 0.377998807933182 0.464144128607586 0.812296295771375 0.494408113183454 0.0503090226557106 0.130621740594506 0.161438316106796 0.0894531598314643 0.403614088194445 0.0638598678633571 0.562005922431126 0.336524107959121 0.540642281062901 0.913231221958995 0.38688075914979 0.960267164045945 0.384686591336504 0.941601979313418 0.680635657161474 0.902642353670672 0.253797065699473 0.406097129452974 0.0142486135009676 0.11044779419899 0.501537791918963 0.371526648057625 0.805915554286912 0.00792284356430173 0.836512059206143 0.37683917931281 0.385248533217236 0.951530575519428 0.475674239452928 0.552093794336542
0.882048450177535 0.823517040116712 0.413030900992453 0.921733218012378 0.477402933407575 0.474994423566386 0.657836067024618 0.163320453837514 0.0951943711843342 0.861514792311937 0.239879169734195 0.555404131999239 0.849406595109031 0.349647580645978 0.975738595239818 0.869405530160293 0.754124050959945 0.223673420026898 0.769816465443 0.874713584315032 0.0437931080814451 0.199760707095265 0.853742358274758 0.652254128362983 0.869332019239664 0.813636587467045 0.36144763790071 0.0908958460204303 0.574655290460214 0.654730413574725 0.822204776341096 0.455575515050441 0.984328898368403 0.750398378120735 0.13355568703264 0.21517351269722 0.848379537696019 0.465341185452417 0.915767790284008 0.916557738324627 0.819854583824053 0.566901157610118 0.615477161249146 0.794800289906561
0.198444477515295 0.618989635026082 0.224564614938572 0.0252237301319838 0.756505124736577 0.638156944653019 0.0578689130488783 0.673797813244164 0.691544770728797 0.745228959713131 0.124061870621517 0.15117178671062 0.177430625306442 0.00886946776881814 0.633788643172011 0.372750885086134 0.277720049023628 0.172508500749245 0.203711141366512 0.221870881738141 0.253431504592299 0.170097689377144 0.921676764031872 0.345313458470628 0.0851092091761529 0.377817805157974 0.54334351955913 0.787010926054791 0.320313527714461 0.838038518326357 0.998470485210419 0.213442992419004 0.437296491349116 0.378729996271431 0.965576708549634 0.641116502229124 0.806135333841667 0.919062188826501 0.0586224480066448 0.477642855606973 0.696882788324729 0.0446715094149113 0.756854316918179 0.591673724818975
0.965147644048557 0.636421318631619 0.0653892939444631 0.128414754988626 0.492784780450165 0.663244860246778 0.189378713723272 0.177598393289372 0.115560325561091 0.156952400226146 0.8574108495377 0.42486053169705 0.878341671079397 0.824826563941315 0.978819616837427 0.634543015854433 0.691523276036605 0.792183339362964 0.0341706455219537 0.819993681041524 0.687636162620038 0.431776891928166 0.243875786894932 0.00814770301803946 0.421106143388897 0.430653251009062 0.595592122757807 0.984963058726862 0.528043455909938 0.523278417764232 0.786444804864004 0.0877224092837423 0.256111980648711 0.35660412022844 0.24905545799993 0.175018487730995 0.572922080755234 0.483393148286268 0.809948969166726 0.75051523395814 0.347443797625601 0.806874484289438 0.25176422810182 0.592963553965092
0.856867816066369 0.337503234623 0.775028235046193 0.0690702020656317 0.240949265658855 0.24280183785595 0.387112989090383 0.871805021073669 0.967197048477829 0.866916270926595 0.437715301522985 0.191937792114913 0.0822944045066833 0.583451637532562 0.0703614954836667 0.527662655804306 0.472288285382092 0.0481913706753403 0.594540807651356 0.791271215071902 0.598868683679029 0.0279159292113036 0.39572663186118 0.106243964517489 0.0241113880183548 0.840897767804563 0.32639992586337 0.2942976471968 0.822897979756817 0.414347424637526 0.0101712229661644 0.0524083885829896 0.730370381381363 0.0733949469868094 0.0703566265292466 0.637171967187896 0.41330587095581 0.430717830779031 0.0802463705185801 0.277116678655148 0.794071018928662 0.0910974657163024 0.276682177558541 0.136255458230153
0.348586677573621 0.450814907671884 0.103176732780412 0.600618461845443 0.100577907869592 0.957186109153554 0.580974439391866 0.168894380098209 0.518571133259684 0.0543228397145867 0.295023272512481 0.0324744703248143 0.413448404753581 0.710804731585085 0.43829421675764 0.476030350895599 0.379704721504822 0.779968342510983 0.961577203124762 0.443998414091766 0.276576519012451 0.652874941704795 0.754724035272375 0.588706381851807 0.36689807055518 0.509391026105732 0.144229113589972 0.266654535662383 0.173820912605152 0.896527295233682 0.562343132682145 0.342454317957163 0.283729680348188 0.747538483235985 0.562850194750354 0.565385995432734 0.633331828983501 0.962586591951549 0.768941204063594 0.761524176690727 0.152722147526219 0.367797967977822 0.913615794153884 0.496350146830082
0.532405641162768 0.348113585729152 0.51024816185236 0.792195686371997 0.441210551187396 0.286292243981734 0.933560322737321 0.0304510646965355 0.848985600750893 0.443182719638571 0.632075233384967 0.779914357000962 0.280473912833259 0.123204056639224 0.893433186924085 0.405973301967606 0.755108230514452 0.110817262437195 0.338309313636273 0.54649319103919 0.312132046790794 0.447294557001442 0.404281071387231 0.486564260907471 0.439168035285547 0.26686362712644 0.651877836557105 0.239049473078921 0.813315622741356 0.808244503336027 0.589044747874141 0.541866859653965 0.0465476112440228 0.425855690613389 0.640639821300283 0.000656347954645753 0.866388360504061 0.101045170566067 0.0957397413440049 0.777240371098742 0.0295114114414901 0.342071880353615 0.786315873963758 0.113462525652722
0.419576285406947 0.564239503117278 0.800476333126426 0.478194958763197 0.871663532685488 0.701587424613535 0.128366638207808 0.651633564848453 0.799508373253047 0.240165151190013 0.863995332969353 0.47879485716112 0.32974161580205 0.995425615925342 0.759542214451358 0.471064956625924 0.257584369974211 0.383511227555573 0.297953611938283 0.768626284319907 0.429740472929552 0.655966898193583 0.242656880989671 0.295184599701315 0.929919361835346 0.139465735759586 0.482361179543659 0.8017257086467 0.335298122605309 0.547300927806646 0.0506137637421489 0.685184835223481 0.526016568532214 0.3854014640674 0.21807816834189 0.0492560362908989 0.338603851385415 0.52754284045659 0.360099533572793 0.991589037002996 0.04635811294429 0.0719018939416856 0.676367230480537 0.162359612528235
0.326658140635118 0.672132012201473 0.748441303847358 0.342435503611341 0.280259827850387 0.737378113903105 0.62696939567104 0.63354170625098 0.215981491142884 0.905941029312089 0.586245939601213 0.168583858758211 0.683197691803798 0.113990662852302 0.527885041665286 0.941509603289887 0.148946444038302 0.589121523778886 0.878276449628174 0.178157206624746 0.47083354764618 0.141462349332869 0.0993826135527343 0.290351454168558 0.245475998381153 0.722559324000031 0.53627455397509 0.299001172650605 0.199700410012156 0.910177063662559 0.0329712047241628 0.596324425190687 0.15090500889346 0.577648263191804 0.454476653132588 0.493808774044737 0.526207120390609 0.383012889884412 0.928897896083072 0.433417851105332 0.244762477930635 0.876257271505892 0.182659917743877 0.0903237543534487
0.0981341134756804 0.807211842387915 0.118084280984476 0.764265555189922 0.126254325965419 0.854531788034365 0.536768707213923 0.596191750140861 0.863054233137518 0.867438183631748 0.0590932832565159 0.469489691546187 0.342481704195961 0.824570669326931 0.529290451202542 0.437235599849373 0.0564257903024554 0.247774575836957 0.39808634808287 0.111213281052187 0.421622570138425 0.23918923176825 0.850532291689888 0.227025169879198 0.747712324839085 0.717718615429476 0.0951648713089526 0.47922472585924 0.127142050070688 0.264237005030736 0.227041788864881 0.184503210475668 0.0172559637576342 0.281633919337764 0.121039894642308 0.406425643712282 0.789167857030407 0.105868488550186 0.341594616649672 0.333594424650073 0.774401936912909 0.537167157977819 0.787171488394961 0.797589224996045
0.405014413874596 0.0025872802361846 0.60858040349558 0.592336924979463 0.910157452803105 0.393951011588797 0.964200276881456 0.255093980347738 0.140771795995533 0.525254423962906 0.454066655598581 0.521722374018282 0.0856974001508206 0.597549495054409 0.683515642071143 0.54935643542558 0.62022546841763 0.296236180700362 0.284499722765759 0.601982762338594 0.167672119801864 0.917387138586491 0.990910422988236 0.747668364550918 0.492538609309122 0.932809803402051 0.617038996191695 0.391704063396901 0.196377992630005 0.720078877871856 0.934172073379159 0.692643887130544 0.888580930186436 0.22866586712189 0.546568950172514 0.206999191548675 0.537049781996757 0.969277777243406 0.803233906626701 0.204046824015677 0.400646861409768 0.829124875832349 0.441127017373219 0.395053243497387
