data/n150/cont150_0.asc
NCOLS 150 
NROWS 150 
XLLCORNER 0 
YLLCORNER 0 
CELLSIZE 1 
NODATA_value -9999 
[rows 120 to 139 of 150, columns 88 to 131 of 150]
0.397485125809908 0.81762974220328 0.48947165440768 0.895878212992102 0.675357148516923 0.852712614927441 0.740322223398834 0.203979949001223 0.0849620981607586 0.491421721642837 0.193257008679211 0.692725055618212 0.628149591153488 0.339581075590104 0.927729052724317 0.320360803278163 0.378376358188689 0.612031468888745 0.230681438697502 0.605816710740328 0.545873941620812 0.062856767559424 0.228568713646382 0.0437610542867333 0.181752644013613 0.639621008187532 0.277446966618299 0.907316035358235 0.200402921298519 0.279187916778028 0.13279162789695 0.0694081094115973 0.157390140462667 0.805901806103066 0.0645223120227456 0.35518498159945 0.943493405124173 0.457457945216447 0.617408532649279 0.086265916004777 0.961639542132616 0.529219561489299 0.131048449547961 0.253008945146576
0.786555160535499 0.51987263164483 0.0377286693546921 0.697322363965213 0.6955275319051 0.189243306173012 0.624712464166805 0.112999676726758 0.708943532314152 0.0317957298830152 0.548452734481543 0.393519660225138 0.878082514507696 0.531730219488963 0.158414796926081 0.165815066779032 0.110664673382416 0.624879606300965 0.189486205810681 0.221833103569224 0.901840758975595 0.52847583219409 0.318793640239164 0.200697413645685 0.468782194890082 0.947410377906635 0.266360339010134 0.595213644905016 0.283309933263808 0.941669687395915 0.932740659452975 0.135024655377492 0.00936545501463115 0.140311864670366 0.681448884541169 0.694989474490285 0.519711033673957 0.624048990663141 0.35774201573804 0.839206865057349 0.885713637107983 0.628470991039649 0.720529625657946 0.44870840292424
0.890136682195589 0.177002993645146 0.342294094851241 0.90778638375923 0.957279041409492 0.312376561807469 0.790817291941494 0.907036815071478 0.56888753711246 0.215620573144406 0.0117898853495717 0.0318129910156131 0.326182147953659 0.234188932925463 0.209883511764929 0.478011930128559 0.0666273429524153 0.998452474363148 0.989846191601828 0.348710390040651 0.595587494550273 0.235159724252298 0.54314082628116 0.00308154686354101 0.601004049647599 0.223608245607466 0.093289220938459 0.556042331736535 0.512621322413906 0.766906544100493 0.429893370717764 0.246107225306332 0.787730932468548 0.966073211515322 0.463090182980523 0.450949580641463 0.737108590081334 0.518111172597855 0.0485901089850813 0.863305617356673 0.11325518367812 0.0784120971802622 0.176098617026582 0.988080990267918
0.29849187633954 0.919311889912933 0.408535124035552 0.705173490801826 0.863050052663311 0.869890727568418 0.528660199837759 0.459600230678916 0.177939523709938 0.590541825629771 0.432657158235088 0.389164341846481 0.0513125734869391 0.818702648859471 0.844097930472344 0.291616437956691 0.755687498487532 0.574230523547158 0.777330295881256 0.821833409601822 0.0267147766426206 0.976362274959683 0.365687053883448 0.258732905145735 0.457188008120283 0.276354540605098 0.0969427854288369 0.574505106080323 0.118032363941893 0.876953069120646 0.763764150440693 0.961802541278303 0.865202882094309 0.53222084720619 0.77522437623702 0.708467879798263 0.699770017992705 0.675943261012435 0.300347360549495 0.757054716348648 0.349766234634444 0.130835539894179 0.860937276855111 0.44797495380044
0.00953303766436875 0.311115414369851 0.0155383821111172 0.210453049978241 0.611943212570623 0.625480538699776 0.00710136326961219 0.535193098708987 0.542658060556278 0.0611293814145029 0.553308154689148 0.432980096898973 0.674249639036134 0.559879100183025 0.447693714406341 0.4993568174541 0.612129882676527 0.676914281910285 0.570757801644504 0.487746158149093 0.122968942858279 0.0974576955195516 0.0764160803519189 0.796150936279446 0.923661471810192 0.584600197849795 0.945886110654101 0.521851471159607 0.108894591452554 0.690731342881918 0.494249565294012 0.260334230959415 0.666405296418816 0.52854526671581 0.0792674371041358 0.522312765009701 0.486450156429783 0.142751023173332 0.810152701800689 0.740520880324766 0.563904804876074 0.926393419038504 0.919774232665077 0.400275190360844
0.836055984720588 0.355033369734883 0.688851170241833 0.450729043455794 0.442758889868855 0.951640552841127 0.718172525055707 0.486783192493021 0.458933690795675 0.83812527009286 0.877415423979983 0.735709779430181 0.147857850184664 0.427980908658355 0.193463149480522 0.551006664521992 0.144707794766873 0.172062884550542 0.0288356635719538 0.877197599038482 0.301328935194761 0.707842091331258 0.560116584878415 0.0133073618635535 0.208926681894809 0.852331810165197 0.522467342438176 0.997143357526511 0.0399587445426732 0.640446549281478 0.336806219769642 0.178078473778442 0.259412371786311 0.657517590327188 0.611744714202359 0.74769378034398 0.632514147786424 0.36285623209551 0.488468541763723 0.423298162175342 0.487648021662608 0.247309141093865 0.612154457718134 0.354486574884504
0.409137524198741 0.974924852605909 0.0771974388044327 0.411727694794536 0.776706088101491 0.596695106476545 0.585361962439492 0.920520417159423 0.760599456029013 0.879957938799635 0.828241697279736 0.334696437697858 0.482040250906721 0.902862827060744 0.650260986061767 0.0766925676725805 0.535500284517184 0.595914869569242 0.471795953111723 0.4165604414884 0.598704583477229 0.531936495332047 0.123342177597806 0.938957968261093 0.430451751220971 0.414548896951601 0.838836401933804 0.220365182962269 0.934725572820753 0.163602085085586 0.361099960282445 0.605756860459223 0.355826705694199 0.662071245955303 0.846947581507266 0.211996515048668 0.772564857965335 0.463134006597102 0.488600254058838 0.642794887535274 0.199429899919778 0.168260744540021 0.842060259310529 0.127880975371227
0.117906830506399 0.851265500998124 0.977663270430639 0.843661539023742 0.0671417338307947 0.704033655347303 0.301947216503322 0.895842432510108 0.630431551951915 0.599391972646117 0.213676326209679 0.390228596981615 0.605740825878456 0.220308465883136 0.354991021333262 0.614290106110275 0.725820170948282 0.283728057984263 0.682918788166717 0.376605832483619 0.659323725383729 0.10237546171993 0.0489300603512675 0.478991185314953 0.760333172278479 0.703578531043604 0.938159949379042 0.356818956322968 0.792939135804772 0.716957613825798 0.232703971909359 0.380169426556677 0.46616870816797 0.404542169068009 0.726457435870543 0.723780842497945 0.91456101834774 0.178016905905679 0.48473444278352 0.509526084642857 0.726123988861218 0.46593886683695 0.420357766095549 0.931659351568669
0.664107093587518 0.0970644128974527 0.831905513070524 0.966358343604952 0.229990020859987 0.180767964338884 0.963123474502936 0.589689971646294 0.367996385786682 0.839333148207515 0.935444769915193 0.846219117520377 0.711560709867626 0.150575303239748 0.983508998295292 0.775140975369141 0.1591094750911 0.403446464566514 0.204658944858238 0.0256720560137182 0.234880157746375 0.475975815672427 0.420597055461258 0.990819242782891 0.745468163629994 0.336818708339706 0.0335917100310326 0.434876966290176 0.407560368068516 0.885333145270124 0.788572934921831 0.757229100214317 0.738449514843524 0.0107217184267938 0.104097614763305 0.40380988875404 0.638871982926503 0.730784256244078 0.361721552908421 0.934484651545063 0.78700335463509 0.934912018943578 0.0981184269767255 0.562090562423691
0.96111261099577 0.891477648168802 0.09056809800677 0.224527138285339 0.450470704352483 0.669200776610523 0.00853827712126076 0.333372190827504 0.787213968113065 0.772652452578768 0.762852821266279 0.335204957053065 0.436628374038264 0.542360495543107 0.205377128906548 0.933008759282529 0.991601191926748 0.969395890831947 0.351507641840726 0.394511272897944 0.316207164432853 0.991234370041639 0.738292646128684 0.910150104900822 0.617499068845063 0.439546870766208 0.841220639180392 0.302766307257116 0.93426481843926 0.327737547922879 0.934095831122249 0.880897250724956 0.582246197620407 0.445614332566038 0.258493778062984 0.890106301987544 0.161875930381939 0.913115572882816 0.712545759044588 0.256094888783991 0.584708456182852 0.741071406984702 0.914729732554406 0.471479088300839
0.292087451089174 0.334194583352655 0.138323636027053 0.430113222217187 0.692417740356177 0.0594910220243037 0.294986789813265 0.0592259834520519 0.0786430076695979 0.889072852674872 0.351097997510806 0.328266561264172 0.759105662349612 0.156323025235906 0.414141549263149 0.118251205654815 0.118099140236154 0.117493041791022 0.209327198099345 0.858424553414807 0.949969322653487 0.168093745363876 0.808695132378489 0.833515612641349 0.0676673597190529 0.0591270471923053 0.482969123637304 0.476387819973752 0.494633361697197 0.159633364062756 0.121491092490032 0.558538571000099 0.302783249178901 0.704825712600723 0.144049098482355 0.344807879067957 0.988415026804432 0.0189656675793231 0.0776963627431542 0.280181955778971 0.432925476925448 0.537302717799321 0.595019177766517 0.881287531461567
0.716586069436744 0.635964590823278 0.80880238278769 0.467198018683121 0.462745643453673 0.689989491598681 0.783802416641265 0.415934486081824 0.460143671836704 0.310695269843563 0.988287331769243 0.0727239106781781 0.3753806008026 0.0826437366195023 0.926993819652125 0.987914861412719 0.475016142707318 0.25492958817631 0.638072703965008 0.278670410159975 0.296888292068616 0.83145561022684 0.467901482945308 0.445991348009557 0.699243705486879 0.403474363964051 0.366009579505771 0.64066052203998 0.207023647846654 0.759484237292781 0.338935208041221 0.0107018700800836 0.978246669284999 0.892870375653729 0.583185614552349 0.0663976946379989 0.127390038920566 0.781723539112136 0.35481962421909 0.144812922226265 0.822471035178751 0.372279231902212 0.724628260359168 0.0659700441174209
0.889692072058097 0.614279021974653 0.493802324403077 0.307386234402657 0.792196663329378 0.210542720509693 0.669895807048306 0.874531656969339 0.944095942657441 0.951303431298584 0.351247070124373 0.901271560229361 0.991359598468989 0.646261724643409 0.532400914933532 0.290469032712281 0.0801195236854255 0.172572137322277 0.60037443949841 0.723804412642494 0.0464652369264513 0.307510886341333 0.266372395213693 0.559013545047492 0.45246680942364 0.0971408633049577 0.816245712107047 0.126287714345381 0.821974374353886 0.270360799971968 0.798259055474773 0.154039787361398 0.744447397300974 0.166868621017784 0.745237016584724 0.0287055640947074 0.363010589266196 0.492494828533381 0.439392076339573 0.403797737555578 0.155172955710441 0.723530150484294 0.11661284044385 0.791702833725139
0.655622644582763 0.968399830162525 0.829032885143533 0.30910212197341 0.070159423397854 0.102032589958981 0.346477123908699 0.174393753288314 0.732569120591506 0.703135221498087 0.790021845372394 0.0529647120274603 0.458106603007764 0.375600314000621 0.610441608820111 0.337329048896208 0.908248905558139 0.428240372799337 0.767714571207762 0.788668910507113 0.770080067915842 0.22544926032424 0.377989978529513 0.570550044300035 0.203922072425485 0.582519361749291 0.221211255295202 0.789052292471752 0.364642111351714 0.0553470037411898 0.591026697773486 0.945154511136934 0.181599651928991 0.691205632174388 0.199470458319411 0.643419501604512 0.235715673537925 0.340708540519699 0.321768287336454 0.823127693263814 0.114114221883938 0.806347776204348 0.247968718642369 0.764899569563568
0.815144753549248 0.888448355253786 0.282608733978122 0.417060144245625 0.293217288563028 0.910349573940039 0.635949738090858 0.458077194634825 0.210929934401065 0.863514997530729 0.64044062490575 0.401704097865149 0.74289324413985 0.30695107486099 0.0295944840181619 0.911349749425426 0.00671844789758325 0.560637287562713 0.0732786322478205 0.377682003425434 0.754055935423821 0.142264556139708 0.350179043598473 0.715613145148382 0.83261139318347 0.312259565806016 0.093739457661286 0.599001945694908 0.453068054048344 0.396964179817587 0.321912927320227 0.603158975485712 0.688855396350846 0.923796209972352 0.203711348120123 0.653978777583688 0.69644324388355 0.317327661439776 0.733526431024075 0.963163009146228 0.788215181324631 0.479618951678276 0.968942877836525 0.229814315680414
0.169104880653322 0.149416009429842 0.916330328211188 0.837972138309851 0.746169728692621 0.242375083267689 0.70261431648396 0.198740483727306 0.0344077707268298 0.0652777361683547 0.906299124471843 0.608157662674785 0.520832003327087 0.963078747969121 0.82805405347608 0.861268840031698 0.0932695069350302 0.146247121971101 0.125849328702316 0.613104592310265 0.780973264947534 0.865673924097791 0.799719831207767 0.256986557273194 0.536907858680934 0.795486692106351 0.983380167046562 0.773358616279438 0.913198682013899 0.591013302095234 0.213978773681447 0.955285479314625 0.88146490836516 0.623944235267118 0.680712164845318 0.0304575872141868 0.935531510272995 0.727840471314266 0.365889315959066 0.810304358834401 0.477348539279774 0.137174522969872 0.118798131356016 0.406152020441368
0.478746417909861 0.16470131254755 0.658426783047616 0.473963364260271 0.560681371949613 0.635734532494098 0.476464862702414 0.140247598988935 0.984943228773773 0.628691416233778 0.935949082951993 0.292830295162275 0.1100075149443 0.689124073600397 0.610774530563504 0.930306917522103 0.68476700107567 0.33153260499239 0.741478353040293 0.4030219046399 0.395896341186017 0.0994718240108341 0.122000196017325 0.127209702739492 0.818664493504912 0.902862595394254 0.935704569565132 0.231285640969872 0.923814729787409 0.603209122084081 0.100904433522373 0.399102129274979 0.30926260817796 0.627958249533549 0.921512485016137 0.877386045409366 0.134506389964372 0.6219277610071 0.916702523594722 0.872297236695886 0.720204662298784 0.734119736589491 0.186533149797469 0.289495245320722
0.642412795452401 0.0249151554889977 0.994294544914737 0.135664043249562 0.0666421169880778 0.252507468219846 0.162704152753577 0.322551649529487 0.706332942470908 0.206334474496543 0.900741844670847 0.142946895444766 0.946406163275242 0.997954659862444 0.942185149062425 0.0155525195877999 0.139173930510879 0.208085440797731 0.799738753354177 0.202893608249724 0.0819953533355147 0.571711977012455 0.63695594551973 0.0937901872675866 0.840166782960296 0.818359811324626 0.42663299292326 0.59394440241158 0.30286876228638 0.87169098504819 0.51197376078926 0.231226462405175 0.778814517892897 0.937270971015096 0.906166257802397 0.985514752101153 0.396374735515565 0.690669814124703 0.326909145573154 0.788131215376779 0.594335360685363 0.318708359962329 0.532682603225112 0.826271069934592
0.991053149336949 0.481929432833567 0.0986278902273625 0.0701147583313286 0.557472608517855 0.629737451439723 0.848784861154854 0.0312241800129414 0.0824466263875365 0.738865823717788 0.32228286890313 0.300176736433059 0.0501045866403729 0.0378366643562913 0.801374574424699 0.34843682940118 0.601055467035621 0.468971639638767 0.939321042271331 0.182719630887732 0.810391398379579 0.565307751763612 0.669610396493226 0.453847196651623 0.187365725636482 0.363841219805181 0.0269426547456533 0.385911142686382 0.730467213783413 0.127338031772524 0.884166612988338 0.498255640035495 0.986774015007541 0.817057451466098 0.220623493893072 0.532960701966658 0.739878250984475 0.751158528728411 0.137825288577005 0.506187411025167 0.332086057867855 0.11187481158413 0.407092627137899 0.330921133747324
0.917732091620564 0.261741125024855 0.0922734362538904 0.171608318341896 0.69061546609737 0.555286754155532 0.385399051709101 0.81294239545241 0.742912904592231 0.939124955795705 0.70880370400846 0.562233367701992 0.171984865795821 0.984131309436634 0.607009762665257 0.44429741287604 0.151220641331747 0.423487024614587 0.606379423988983 0.631305075949058 0.12098329118453 0.0548467438202351 0.325000036507845 0.744397981325164 0.719263413688168 0.738687797216699 0.96880993177183 0.933349706465378 0.70596315455623 0.191768824588507 0.289457827806473 0.900601241504773 0.853796818526462 0.591408320469782 0.0439878539182246 0.186408382141963 0.479164116550237 0.179716708371416 0.345945613458753 0.134091270389035 0.889926252653822 0.57299575349316 0.463500334881246 0.784653957700357
