data/n150/cont150_0.asc
NCOLS 150 
NROWS 150 
XLLCORNER 0 
YLLCORNER 0 
CELLSIZE 1 
NODATA_value -9999 
[rows 20 to 39 of 150, columns 88 to 131 of 150]
0.828976714517921 0.0162454729434103 0.112693230854347 0.491024512797594 0.682987052714452 0.606331759365276 0.897259657969698 0.307492890860885 0.542465554783121 0.735916769597679 0.156152101000771 0.682451540837064 0.880779490340501 0.366680132923648 0.0330144132021815 0.519780053058639 0.112714397488162 0.902385278139263 0.219971668673679 0.62347650132142 0.363139717373997 0.788599854335189 0.953639274695888 0.686537295812741 0.0109916639048606 0.957786793354899 0.49810330895707 0.995142822852358 0.419389790389687 0.161126879742369 0.757993698818609 0.322599776089191 0.618448045104742 0.593928179237992 0.0481248337309808 0.39381199865602 0.311598118860275 0.432680421741679 0.359491006471217 0.746932842768729 0.952456215396523 0.219007093459368 0.826737035065889 0.0274756415747106
0.532063555205241 0.943565017078072 0.536258358042687 0.54024756886065 0.638817836530507 0.559129370842129 0.0611279506701976 0.29238359327428 0.483624843880534 0.298862256575376 0.533755369950086 0.444380736444145 0.792672285577282 0.0559837715700269 0.365029011154547 0.891417951555923 0.519239958608523 0.368640997447073 0.417562691029161 0.0226960622239858 0.590488560032099 0.49303546291776 0.102907110704109 0.404790387256071 0.0524687760043889 0.0365673368796706 0.231096146861091 0.979802730260417 0.046293978812173 0.131950644310564 0.928440445568413 0.0879400612320751 0.942585540469736 0.674114161171019 0.00382873811759055 0.849251258186996 0.515590843511745 0.422349815256894 0.859611756866798 0.589908806141466 0.0638678425457329 0.135187422623858 0.411114768125117 0.830281275790185
0.44973988016136 0.428737231297418 0.298711734823883 0.259549331618473 0.793350585969165 0.0181931650731713 0.0345779112540185 0.0285940209869295 0.568425016012043 0.88919350062497 0.554856961360201 0.197323454776779 0.792430558009073 0.947512933518738 0.0712402206845582 0.371038995217532 0.669765127124265 0.0517407332081348 0.749893881380558 0.985846241936088 0.273909657727927 0.139519652351737 0.976404243381694 0.306301631964743 0.56942411349155 0.538207527250051 0.96145927417092 0.452176122227684 0.378670980222523 0.0644230844918638 0.67102567339316 0.0654471057932824 0.201968907378614 0.918583245016634 0.95688528008759 0.239341633627191 0.406939328880981 0.79614728805609 0.880628596292809 0.956159168621525 0.627194220898673 0.217940802918747 0.525597776286304 0.239814594388008
0.896790414117277 0.621500158915296 0.71561091253534 0.00645972532220185 0.150810371153057 0.390337652293965 0.714161876123399 0.290325599722564 0.837331550894305 0.809496423229575 0.181867694249377 0.615423773881048 0.098172070691362 0.27517956495285 0.780145775992423 0.437542198225856 0.221972281346098 0.573065859032795 0.780486597446725 0.155522431246936 0.847129767062142 0.248301811050624 0.802099082618952 0.10699037485756 0.579044283600524 0.0623896184843034 0.0907182868104428 0.299951496301219 0.640830152668059 0.492609065724537 0.555314179975539 0.477600779850036 0.202225508634001 0.680054666940123 0.43438574927859 0.252121420809999 0.14642827026546 0.622130993520841 0.579677405068651 0.556677608285099 0.02434884570539 0.354189245030284 0.377888964023441 0.0258919151965529
0.927309012506157 0.82411622419022 0.852797179482877 0.847243185853586 0.787992113037035 0.730053582461551 0.286808314500377 0.728469291003421 0.547037804732099 0.185957584530115 0.353126357542351 0.674378331983462 0.820698642637581 0.353937219595537 0.415153437526897 0.997745630564168 0.868331929203123 0.7680357710924 0.506533620646223 0.79969125520438 0.126471027033404 0.0132211919408292 0.857732499018312 0.092177655082196 0.627211139071733 0.164368582423776 0.256299218395725 0.278576380573213 0.217877135844901 0.285013138549402 0.170079083181918 0.740095858229324 0.490103221265599 0.406209272332489 0.885154942283407 0.382631018292159 0.762672175886109 0.882890816545114 0.331475715618581 0.0174748271238059 0.781025369884446 0.470790860708803 0.0503344901371747 0.806041994364932
0.429882332216948 0.435299002565444 0.998813308309764 0.805156203918159 0.33691137121059 0.507219970459118 0.290489595383406 0.554588325321674 0.265910958871245 0.945077045354992 0.126765631139278 0.455688889371231 0.654302526731044 0.612352547002956 0.568944267230108 0.0236329433973879 0.883386893197894 0.512261637486517 0.670730007812381 0.223625832237303 0.102729415055364 0.0779780249577016 0.375896577723324 0.841916731325909 0.538620322709903 0.491406876128167 0.987831338075921 0.827752581331879 0.146671165479347 0.181809379486367 0.407244702801108 0.00814834819175303 0.786297707818449 0.564716395223513 0.265264114132151 0.827212975826114 0.324715558206663 0.994529931340367 0.239496344001964 0.812511944910511 0.0366195442620665 0.855527029372752 0.00116199813783169 0.269030461087823
0.296874676598236 0.822133605368435 0.500879856059328 0.496786301257089 0.364361931569874 0.849381481064484 0.313532576197758 0.212108394829556 0.585793458623812 0.842366850702092 0.125383907929063 0.377530383877456 0.671603712253273 0.187768460484222 0.504759023664519 0.0272868473548442 0.496297850972041 0.947351710870862 0.381182133918628 0.69821372628212 0.688765808474272 0.477730676764622 0.273347614100203 0.756916332291439 0.24753206060268 0.521339483326301 0.612843240844086 0.0950499763712287 0.565758763812482 0.0168741615489125 0.199878882383928 0.417583800852299 0.205506088444963 0.377221406903118 0.0764517178758979 0.144973995629698 0.553591954056174 0.661742560798302 0.735647504450753 0.376209417590871 0.868757152697071 0.795470046577975 0.821803021943197 0.901695312466472
0.918895782204345 0.780751553596929 0.58243419136852 0.893974649021402 0.720374052412808 0.338625693926588 0.998751056613401 0.333700411953032 0.862437467789277 0.481445814250037 0.409564045956358 0.255079049849883 0.320475823478773 0.945486744167283 0.662678283639252 0.474615681683645 0.339031583862379 0.807529285782948 0.878708931850269 0.647424155846238 0.786219180095941 0.921566584846005 0.648286033654585 0.417213676963001 0.631207889411598 0.00370266754180193 0.677430045325309 0.728797588031739 0.478573855245486 0.150652205571532 0.635426214197651 0.690543496515602 0.588214971125126 0.165054999990389 0.0418248169589788 0.462367153726518 0.168274397030473 0.289797398261726 0.333899395307526 0.402934171259403 0.587705203564838 0.256302893860266 0.752632672898471 0.162605638848618
0.105872784042731 0.734037317102775 0.811631217598915 0.124777175020427 0.86251254635863 0.902454941999167 0.0462886218447238 0.699209560407326 0.350361630087718 0.173961268737912 0.546021988382563 0.457101816078648 0.379365042084828 0.344713973579928 0.247539757518098 0.900900796987116 0.668370212661102 0.435003696009517 0.599006049102172 0.861090060090646 0.987963489023969 0.501505577005446 0.263320409459993 0.382403031224385 0.548405606066808 0.458355641923845 0.176780153997242 0.194230885012075 0.19061488029547 0.309242689283565 0.393958219559863 0.081369558814913 0.752655230462551 0.335645363898948 0.923703921260312 0.357597754336894 0.352957154624164 0.413683120859787 0.21347782202065 0.993778959149495 0.602720888564363 0.557713209185749 0.89399151946418 0.0697301991749555
0.539585508871824 0.985135596245527 0.602988835657015 0.914623311953619 0.236143616726622 0.352573910960928 0.963099833345041 0.218065006658435 0.872766869841143 0.896900301799178 0.390888018999249 0.620963824447244 0.674278995255008 0.337790174642578 0.932121962076053 0.484986192779616 0.486794000258669 0.882445059716702 0.481274439487606 0.457926973700523 0.0277696053963155 0.580214267363772 0.494763478403911 0.782424762612209 0.523702484788373 0.293860214063898 0.125058113131672 0.0213551393244416 0.501787526765838 0.491354805417359 0.18844457459636 0.889199612196535 0.748904407024384 0.431057836627588 0.501952701015398 0.746659066993743 0.428153117187321 0.291901501361281 0.649466095957905 0.179455536650494 0.170345440041274 0.668982670409605 0.356794105144218 0.35013035312295
0.939494735794142 0.399617788381875 0.963944796705619 0.715283155906945 0.191367875086144 0.0943034635856748 0.526433679740876 0.171151598682627 0.279184447368607 0.506186814047396 0.536343123298138 0.591937742428854 0.432773365406319 0.377638380043209 0.810394644737244 0.5815065279603 0.554845141014084 0.25656011630781 0.696543162921444 0.124402312096208 0.653425114229321 0.701073644449934 0.0565329240635037 0.918328983010724 0.721959620947018 0.572063666535541 0.562943084165454 0.472374809905887 0.298696223413572 0.384201156441122 0.0558448801748455 0.921323503600433 0.204579910030589 0.864333444042131 0.153125872835517 0.91990178800188 0.887056117877364 0.73340119747445 0.773127344436944 0.607935747830197 0.784447375219315 0.691337749129161 0.574081720551476 0.603856303030625
0.473438483197242 0.990471806842834 0.98779289261438 0.287439983803779 0.711943498579785 0.21121245669201 0.157649674220011 0.98885626764968 0.815915524726734 0.643281249329448 0.560328715713695 0.497659838059917 0.381589834345505 0.695701513672248 0.520413066726178 0.327298829331994 0.614687064196914 0.112941488157958 0.596688755787909 0.779632849618793 0.532962888246402 0.535462571308017 0.483891405863687 0.460601850412786 0.77538105729036 0.359635133994743 0.957332332618535 0.213127457303926 0.410439887316898 0.62833788478747 0.543606523657218 0.170642276294529 0.704795059747994 0.69129929644987 0.530790607910603 0.892910030903295 0.322110874578357 0.828251895494759 0.778160469606519 0.0919654285535216 0.952528324909508 0.550512700108811 0.818322808947414 0.503955597057939
0.85309771168977 0.823874186724424 0.19978634826839 0.859084696276113 0.520535976625979 0.381985367974266 0.938335937680677 0.851928563322872 0.86076534143649 0.760881543392316 0.00211016973480582 0.102147887460887 0.421950838062912 0.175646110903472 0.804314845707268 0.915218167006969 0.27248597657308 0.32238034508191 0.580442614853382 0.905861967941746 0.737272442318499 0.745031148428097 0.642199746333063 0.142086773179471 0.488335414789617 0.294948109425604 0.152984691550955 0.0972488336265087 0.616789900930598 0.575436916900799 0.161891269497573 0.000200380804017186 0.22827615425922 0.887128468137234 0.80205195909366 0.614429908571765 0.790953235235065 0.792398263933137 0.539760183775797 0.412024363875389 0.754332973156124 0.924332350026816 0.499041082570329 0.904526931699365
0.962790735764429 0.430424353340641 0.635346410097554 0.51402184413746 0.665037477156147 0.252454288071021 0.0953151509165764 0.207339639775455 0.457043248228729 0.548501929966733 0.893455200828612 0.526053943205625 0.672891655704007 0.0421420093625784 0.349807378835976 0.17474303022027 0.522609323263168 0.902968697715551 0.720886406255886 0.277600809698924 0.326844296650961 0.710652864305303 0.21704412274994 0.422718597110361 0.944820530014113 0.245686902198941 0.0491838296875358 0.532954423455521 0.198102090274915 0.566766115371138 0.448420517612249 0.78974787844345 0.324197702575475 0.415975162759423 0.468524232506752 0.196987899951637 0.862388844834641 0.0973715533036739 0.11027121823281 0.00546919461339712 0.861856162315235 0.704109872691333 0.996794146951288 0.50936058210209
0.856226180447266 0.0644347604829818 0.372116355923936 0.0908427103422582 0.962172567145899 0.701780673582107 0.0501470984891057 0.918229582253844 0.217005230952054 0.870050058932975 0.506173798348755 0.495468375971541 0.537965174298733 0.826477585593238 0.839198794681579 0.784609289374202 0.665766180492938 0.534641167614609 0.868262092815712 0.513083346420899 0.229753721505404 0.939771392615512 0.0195120193529874 0.453643538523465 0.651643954217434 0.566444518277422 0.313704824773595 0.343427519313991 0.013055456103757 0.0404190625995398 0.117725794902071 0.243890297133476 0.729129500221461 0.494047233834863 0.935005504405126 0.323390742531046 0.641353397630155 0.837441450450569 0.95036458875984 0.754029673524201 0.535651324782521 0.1333693403285 0.766877418383956 0.705948390299454
0.681773850694299 0.43031023000367 0.616579213645309 0.301091517088935 0.649582194630057 0.41250918013975 0.090788384899497 0.290173517307267 0.675487051717937 0.330508293118328 0.324328920803964 0.285146335838363 0.278623543214053 0.965446748305112 0.297905803890899 0.725005503278226 0.792186857899651 0.619330500951037 0.3194895980414 0.957098024431616 0.232967448653653 0.186017915839329 0.381750602275133 0.716858657775447 0.945572518743575 0.15568385203369 0.536522877635434 0.31489395070821 0.824123632861301 0.695466518169269 0.634081103140488 0.287778243655339 0.40752325206995 0.314674406545237 0.749506559455767 0.929614512482658 0.850575516466051 0.944556884700432 0.907325673149899 0.232429342810065 0.652670851442963 0.484728543786332 0.51012603007257 0.839343271916732
0.342663529329002 0.48585698986426 0.689739633118734 0.345660754246637 0.338154233060777 0.762613514671102 0.00678306678310037 0.897503605345264 0.79977619368583 0.360625884961337 0.911786153679714 0.152605408104137 0.889278447488323 0.0624168184585869 0.935724608134478 0.70185886672698 0.611318997340277 0.358254839899018 0.0603941555600613 0.752301283413544 0.318713896907866 0.580592998303473 0.720681418199092 0.099474259885028 0.154046742012724 0.729266624199226 0.472669267561287 0.115792007884011 0.260285547934473 0.907016983255744 0.780993873253465 0.645907782716677 0.520323287695646 0.949220440350473 0.468320977408439 0.461921581998467 0.95708885951899 0.0593761447817087 0.687872669426724 0.0821666817646474 0.322109375149012 0.90074895019643 0.563540965784341 0.271901450818405
0.447813245467842 0.938706027111039 0.415215326007456 0.651211778866127 0.705322833964601 0.376446146750823 0.423967847367749 0.785479374229908 0.0484891107771546 0.574791186256334 0.111148797441274 0.720504851080477 0.949157331138849 0.696720823878422 0.918338123010471 0.432412920054048 0.776502726133913 0.851109121926129 0.760188228683546 0.625952541828156 0.177186662098393 0.05966493091546 0.900684632593766 0.734476247802377 0.658688705181703 0.975789227057248 0.132950418628752 0.909020642051473 0.804036128800362 0.976680465275422 0.182596063707024 0.684502215590328 0.153593524126336 0.707177633652464 0.150677488883957 0.408019832568243 0.383435210911557 0.0416042082943022 0.039530414622277 0.125616280827671 0.74058612738736 0.428555995691568 0.687501871259883 0.135597520740703
0.300053164595738 0.692068804288283 0.542305917711928 0.473273857729509 0.0155781011562794 0.670050831045955 0.862163635669276 0.0640094107948244 0.767458748770878 0.543645279482007 0.80440870532766 0.574971046298742 0.896575366146863 0.782610866939649 0.620496645569801 0.481452158419415 0.576061165891588 0.538146760081872 0.698422920424491 0.0908959854859859 0.167463864898309 0.708423809148371 0.0317885812837631 0.0283742125611752 0.19453017693013 0.580930454889312 0.19961941242218 0.658377470448613 0.653683913173154 0.923174172407016 0.080037692328915 0.822587467264384 0.0883712063077837 0.847158922348171 0.280171511694789 0.0360772411804646 0.787141495617107 0.945457775844261 0.474707599030808 0.331623951438814 0.398023697314784 0.995940973516554 0.678489539539441 0.250235347775742
0.365452591329813 0.52999607892707 0.184139814693481 0.984879730967805 0.473440378438681 0.740667608100921 0.383153280708939 0.42178361187689 0.517410265747458 0.898611149052158 0.601535871857777 0.379292584955692 0.817499372176826 0.69917232892476 0.452404592186213 0.877510748803616 0.409256897401065 0.463011815911159 0.0175149505957961 0.0285889653023332 0.879167085746303 0.310912255430594 0.231356615200639 0.968817543238401 0.394525400362909 0.415737971896306 0.230066100135446 0.872159781400114 0.246414043474942 0.671022893395275 0.817557992646471 0.527865154203027 0.988118925830349 0.00432121870107949 0.891524692298844 0.763132066931576 0.912187538575381 0.27271850570105 0.533351040445268 0.355473512550816 0.564945797203109 0.29678549640812 0.637264982098714 0.965021308744326
