data/n150/cont150_0.asc
NCOLS 150 
NROWS 150 
XLLCORNER 0 
YLLCORNER 0 
CELLSIZE 1 
NODATA_value -9999 
[rows 60 to 79 of 150, columns 0 to 43 of 150]
0.400012784637511 0.940377884311602 0.996765569085255 0.232910005375743 0.14190117828548 0.0662970091216266 0.732844528742135 0.285429451148957 0.719488496426493 0.0176694507244974 0.173205889528617 0.702197720529512 0.740287158638239 0.947134654736146 0.722043752670288 0.881898705614731 0.291031915927306 0.549029118381441 0.488948008511215 0.324275576975197 0.139561148593202 0.748326465720311 0.468544065952301 0.0997447345871478 0.838673634920269 0.345794319175184 0.177998768631369 0.452814729418606 0.43920051609166 0.169229346793145 0.785528759239241 0.662259541917592 0.805095464456826 0.457323221024126 0.620620167348534 0.382501091342419 0.886395326117054 0.62163227214478 0.955860521178693 0.600515416590497 0.537875047884881 0.570037006866187 0.93060720548965 0.141258519608527
0.709034461295232 0.0394659580197185 0.858497081790119 0.499521096469834 0.0906654708087444 0.85081899119541 0.689028963446617 0.437080866424367 0.592242342419922 0.704752071527764 0.00995701225474477 0.480451315874234 0.455315282801166 0.623700872529298 0.300493193557486 0.682750654639676 0.928954787785187 0.38080969825387 0.475343481171876 0.194479468045756 0.58643217314966 0.0577495719771832 0.881459795171395 0.252724690828472 0.389699682127684 0.712881048442796 0.894507348071784 0.970073226839304 0.271286846837029 0.553040168015286 0.0575010562315583 0.0636259235907346 0.749836827395484 0.7317395277787 0.0555171873420477 0.123573943739757 0.324328545015305 0.255192540818825 0.996189305558801 0.656322586350143 0.283220059704036 0.699290399206802 0.899404757888988 0.579101925250143
0.735495075350627 0.518061270704493 0.380735489772633 0.683830142719671 0.579353334615007 0.700188616057858 0.147659061243758 0.962123289238662 0.340870337095112 0.642431432381272 0.107584562385455 0.609350595856085 0.178273742320016 0.338654669933021 0.502983251586556 0.574192463187501 0.938588518183678 0.164298457326367 0.568822880741209 0.277261303272098 0.587949902517721 0.822968804743141 0.486584451049566 0.308141776360571 0.0572072267532349 0.523044843459502 0.481863484950736 0.357590487226844 0.278691400308162 0.547701613977551 0.912094467086717 0.255963780218735 0.0176373687572777 0.827254661591724 0.0494794826954603 0.595249966951087 0.981266572140157 0.569439175305888 0.7274610765744 0.151835970114917 0.318237808765844 0.699689799686894 0.854843975044787 0.378279480151832
0.0485054010059685 0.615337142022327 0.738851126283407 0.117799711646512 0.366601524176076 0.135035212617368 0.297117565060034 0.908073283964768 0.112918756902218 0.56454928452149 0.00858314754441381 0.787502194521949 0.807160685304552 0.50921952095814 0.478424136294052 0.403077337658033 0.543652770807967 0.00786721031181514 0.173895296175033 0.896861917106435 0.51948701357469 0.973213918507099 0.805484350537881 0.949031616328284 0.285357424756512 0.61905877199024 0.795161492889747 0.935566760832444 0.526652904925868 0.83189342985861 0.800116418395191 0.658076967345551 0.995597234927118 0.845622190507129 0.879890635143965 0.482919763075188 0.0948975966311991 0.0282674850896001 0.00943971076048911 0.823091848986223 0.0430404001381248 0.823170943185687 0.0918591315858066 0.864137656521052
0.28446455183439 0.126662511378527 0.693831057287753 0.880094764521345 0.968801858834922 0.317698028404266 0.0453979892190546 0.949943754589185 0.400208504637703 0.371284344932064 0.324154022848234 0.560770155396312 0.0913142582867295 0.774883735226467 0.413061508210376 0.823627153877169 0.365933197550476 0.883123858133331 0.245355510851368 0.594524893909693 0.365887216525152 0.745536447502673 0.0113449250347912 0.925059290835634 0.869512550067157 0.638616878772154 0.295088985003531 0.935575328534469 0.663063155952841 0.618219851981848 0.561209137551486 0.176157436799258 0.52092107036151 0.711753411451355 0.925892703933641 0.0670519242994487 0.236690306570381 0.695405485341325 0.332264071330428 0.113306195475161 0.939782016677782 0.372087178518996 0.706058034440503 0.751002470962703
0.24317645537667 0.583760747220367 0.706339760217816 0.74236210458912 0.0442845777142793 0.720649027498439 0.839349523186684 0.305622661719099 0.721131757600233 0.32683483697474 0.72644487535581 0.0294984509237111 0.372234784765169 0.415885718306527 0.121231656754389 0.407248452771455 0.424385557183996 0.357479038415477 0.830057638930157 0.365814242744818 0.293699470814317 0.374506313353777 0.719548795837909 0.100653077010065 0.691715452587232 0.235637697158381 0.779742778977379 0.282059432705864 0.706762615358457 0.619718383066356 0.544563179602847 0.924641102086753 0.531242341268808 0.271171187749133 0.905813898192719 0.0202231060247868 0.779149748617783 0.364991617621854 0.307303057052195 0.160867940168828 0.176943196449429 0.693851550109684 0.621652109082788 0.468918367987499
0.126379828667268 0.0651636449620128 0.277436177013442 0.600410687504336 0.273144482402131 0.941489053424448 0.799276450881734 0.0899149521719664 0.392770775826648 0.174849975621328 0.456753087230027 0.4817654856015 0.142861927626655 0.0344195053912699 0.202051959466189 0.264258587034419 0.744757669512182 0.353446902241558 0.877193653490394 0.135480623925105 0.570409286068752 0.412244421662763 0.225636233342811 0.797575300792232 0.398676399607211 0.591562685091048 0.906964443158358 0.384809852112085 0.371891611954197 0.374291895423084 0.182152949739248 0.0419345374684781 0.261202743742615 0.304963026428595 0.178527892567217 0.558146395953372 0.371059665456414 0.64281034655869 0.924115872010589 0.259350447915494 0.239350285148248 0.848965338198468 0.699011598480865 0.884429610334337
0.863837790442631 0.0744139486923814 0.28328448580578 0.162637435365468 0.763896584510803 0.116375716868788 0.167471821419895 0.475883521372452 0.00578844198025763 0.97441329038702 0.114147758577019 0.0807743088807911 0.322919440921396 0.118785094935447 0.985772469080985 0.404147643828765 0.241781906457618 0.354878908256069 0.153240084182471 0.287547626299784 0.256672147195786 0.157690250780433 0.0297716464847326 0.811628371709958 0.579172815196216 0.576731939567253 0.701486865291372 0.0637662003282458 0.502482898533344 0.383949951035902 0.426416348433122 0.544390162220225 0.643638206645846 0.791192386765033 0.846853397553787 0.0726263104006648 0.860110642388463 0.956164636649191 0.926419156603515 0.622734928736463 0.379818396177143 0.487369669834152 0.10006338218227 0.195159256691113
0.848769895732403 0.811404374195263 0.824689137749374 0.916008333908394 0.723415146581829 0.621910678921267 0.379483051598072 0.224662108579651 0.0255059150513262 0.382444481598213 0.881673386553302 0.576546683907509 0.879420724697411 0.715013947803527 0.945104592246935 0.433772012358531 0.475368502084166 0.764876200817525 0.762309468118474 0.276107020908967 0.0139295088592917 0.191360186086968 0.508207596605644 0.35713300970383 0.0641959283966571 0.694495361298323 0.911169010680169 0.449594196863472 0.854834523051977 0.751918294467032 0.374545259634033 0.609409488039091 0.7927746551577 0.386679893359542 0.124152964679524 0.2675496567972 0.521273961290717 0.590104377362877 0.886542718159035 0.32878178008832 0.404275392647833 0.047014354262501 0.48053211485967 0.74822907964699
0.749092136742547 0.413512021070346 0.854451311985031 0.290469416184351 0.583116416819394 0.901191158918664 0.492399568436667 0.725204453803599 0.91977021843195 0.624324810691178 0.519263945752755 0.288577761268243 0.00246590282768011 0.968735125847161 0.770433591445908 0.633178672753274 0.894336850382388 0.296609427779913 0.802685449831188 0.141016566194594 0.692167949629948 0.845079905120656 0.678251480218023 0.709726408822462 0.645901393843815 0.965203141793609 0.710519960615784 0.870479686651379 0.909245137590915 0.377042777137831 0.477071019588038 0.78120802110061 0.497807947685942 0.182946398621425 0.672435256186873 0.560286025283858 0.804092586506158 0.317321583628654 0.0924442915711552 0.465408506337553 0.260286789853126 0.611302343429998 0.00395450228825212 0.809207457816228
0.450684642186388 0.0803705058060586 0.673625276423991 0.664986318908632 0.91845852509141 0.58896323852241 0.703012733953074 0.249974481295794 0.0819475299213082 0.905614698305726 0.787195515353233 0.370930921286345 0.972414143616334 0.16017372882925 0.641816698014736 0.101863353746012 0.941760728834197 0.13101114705205 0.228382704313844 0.621499411063269 0.366665229434147 0.115927651291713 0.558878002455458 0.926547028589994 0.852730560582131 0.650539422174916 0.563463475322351 0.845542329130694 0.17999251303263 0.881773800589144 0.0515628808643669 0.121289624366909 0.509902987163514 0.309323954163119 0.916819139150903 0.35657114489004 0.903951249551028 0.401680530747399 0.848532077390701 0.73772757477127 0.836665488779545 0.840633693151176 0.692824380705133 0.710823958506808
0.532210930716246 0.145988384960219 0.580575288506225 0.495721072889864 0.658421991858631 0.754705037921667 0.544723503990099 0.633577679749578 0.272615316556767 0.824330681236461 0.656321955146268 0.202297590207309 0.793617920717224 0.63437476544641 0.594841750804335 0.506419747602195 0.749396581202745 0.323378497734666 0.494405098259449 0.952926226658747 0.0859188789036125 0.20414226106368 0.871245871763676 0.535561229335144 0.528190472628921 0.437255539000034 0.51513173780404 0.686178018571809 0.0110304765403271 0.037949928548187 0.160745904082432 0.770835679490119 0.598685588221997 0.328623540233821 0.143247563624755 0.545317855896428 0.236158281797543 0.795836826087907 0.234558335039765 0.396967860171571 0.0718001839704812 0.22811995469965 0.640431782696396 0.896747678518295
0.777355480007827 0.636560080107301 0.788517845328897 0.829741574125364 0.66595266526565 0.0129431183449924 0.818728144979104 0.218796460190788 0.359867103630677 0.471964839380234 0.408377485582605 0.896289688767865 0.0732428259216249 0.458563999505714 0.834452606271952 0.192637204891071 0.0329968840815127 0.514459352008998 0.790126618463546 0.791292000329122 0.822455938905478 0.930673934752122 0.670205471804366 0.55907083908096 0.296232849359512 0.928339684847742 0.911079243989661 0.307168046478182 0.54491348657757 0.511114035267383 0.884750050259754 0.321684715570882 0.234095551539212 0.163074893411249 0.895172877702862 0.917303269729018 0.499372905585915 0.0405929868575186 0.385415307246149 0.647277045762166 0.832474360009655 0.759151955135167 0.795537886442617 0.22942830901593
0.464043661952019 0.282159453025088 0.0294354986399412 0.571303999749944 0.328066115966067 0.144893830176443 0.662792953196913 0.196852084714919 0.490854219067842 0.536377832759172 0.478859523311257 0.572042648680508 0.38293044664897 0.786565797403455 0.0337921851314604 0.344569700071588 0.449201644165441 0.602245485410094 0.97399018262513 0.28169706906192 0.259307872038335 0.216069743968546 0.734249973436818 0.975760168861598 0.552552633685991 0.260953241260722 0.895444191293791 0.278071609791368 0.907106140628457 0.902980614453554 0.742907877545804 0.364995681447908 0.0332204177975655 0.428902462357655 0.9575860647019 0.263631711481139 0.561555543215945 0.436665633926168 0.528064357349649 0.437183781992644 0.968984195729718 0.328725168015808 0.769223549636081 0.0637896812986583
0.704982789931819 0.227168163284659 0.413150536129251 0.0796593057457358 0.219652124447748 0.128674682229757 0.382701618364081 0.73352099629119 0.301072258967906 0.717012931127101 0.518014120636508 0.946487174136564 0.11535338498652 0.634267119923607 0.985491402680054 0.107279300689697 0.600740470457822 0.461965962778777 0.193682516692206 0.982482000486925 0.0178745137527585 0.0293456292711198 0.806553633417934 0.613348935265094 0.482570128748193 0.0726646953262389 0.497975229285657 0.96907498058863 0.371650464832783 0.342809739289805 0.671861582668498 0.134426421485841 0.94506069784984 0.503391096601263 0.362546771531925 0.383441472193226 0.678161290939897 0.653618242125958 0.481104476144537 0.00791295291855931 0.774465474067256 0.0915948473848403 0.99738129787147 0.0413316045887768
0.363294600509107 0.567385898437351 0.101486617233604 0.0501470339950174 0.0471637456212193 0.401654810411856 0.0940570610109717 0.306101365480572 0.59234947967343 0.488946924451739 0.753655163105577 0.401970545528457 0.701158913550898 0.349394969409332 0.355201272759587 0.977313875453547 0.278978979913518 0.802924978313968 0.186048555653542 0.945584699744359 0.38543449039571 0.347950954223052 0.150431869085878 0.00596538744866848 0.586105498252437 0.723024857230484 0.996593304909766 0.228998413542286 0.432853416306898 0.955622994108126 0.721042616292834 0.000906970351934433 0.183921626769006 0.672696393216029 0.119241545442492 0.910263947211206 0.354452514089644 0.698380636516958 0.996344767510891 0.0896453591994941 0.706446187803522 0.45774139650166 0.905263514025137 0.577875758754089
0.275674095377326 0.369837788399309 0.2421594040934 0.224705630214885 0.907618167810142 0.510774903232232 0.375702851684764 0.416061823721975 0.873967632185668 0.209710302762687 0.789288652595133 0.907760448986664 0.863012057961896 0.0250266403891146 0.103909383295104 0.445869515649974 0.948105583200231 0.27752738352865 0.429959998698905 0.266427728813142 0.240078598959371 0.573553924215958 0.265941840363666 0.179198152385652 0.905796249397099 0.926659852033481 0.210014678305015 0.0932293916121125 0.323343326104805 0.897610133280978 0.652742773294449 0.778475717408583 0.80829079146497 0.972246035933495 0.444170362548903 0.860215908614919 0.0275989202782512 0.882866797503084 0.930942757520825 0.972228064434603 0.366246621357277 0.706620306242257 0.0874157794751227 0.415228604571894
0.421128632500768 0.93039251328446 0.991032639751211 0.968390688998625 0.514705112436786 0.0310823379550129 0.222626009490341 0.0813595578074455 0.766140329185873 0.839024897897616 0.872624104842544 0.317227179417387 0.502148147439584 0.100863298401237 0.0620918001513928 0.85027992981486 0.176093703601509 0.423387220827863 0.548166987020522 0.0258412826806307 0.825792076764628 0.778208065079525 0.904591736383736 0.138231609482318 0.880080151371658 0.247415939811617 0.714168634731323 0.668861334910616 0.810622898396105 0.750535941682756 0.31686025718227 0.201113439863548 0.462765116011724 0.157460693269968 0.683918131981045 0.0454797043930739 0.471017861040309 0.235410496825352 0.682287494651973 0.278720038710162 0.281443333486095 0.488590781344101 0.628605889389291 0.0949333226308227
0.126489805290475 0.967251651687548 0.632895211223513 0.627229715697467 0.229070956585929 0.90021626278758 0.0304775622207671 0.168593365233392 0.566572805866599 0.223593554925174 0.517902350053191 0.236624237382784 0.597688835347071 0.966252686455846 0.532087708823383 0.309349091723561 0.493624144000933 0.220048633404076 0.175656388979405 0.412821186240762 0.184007147792727 0.49306228896603 0.874563379213214 0.732823776779696 0.800559782190248 0.900117969373241 0.520045788260177 0.227502569323406 0.993584129260853 0.279129644157365 0.720368121052161 0.0777052666526288 0.623923090053722 0.681960561545566 0.996270173229277 0.0254862743895501 0.467463909182698 0.56260914565064 0.446130715776235 0.229632050963119 0.169759416719899 0.788700209232047 0.296417736448348 0.158423166489229
0.128183891298249 0.274299617856741 0.587467608740553 0.108077343553305 0.237508130492643 0.152002501767129 0.822741521755233 0.798496388597414 0.777684981236234 0.0626694275997579 0.14838003506884 0.733463581185788 0.140016196994111 0.937803762266412 0.198982779169455 0.156999282538891 0.691160211106762 0.761609570588917 0.12508642510511 0.754365267697722 0.832577739609405 0.360937434714288 0.50229301978834 0.604999779956415 0.733934425516054 0.806090638972819 0.922508872812614 0.828013091348112 0.968255702871829 0.717292428715155 0.803780876798555 0.823928856756538 0.744818527717143 0.512284369207919 0.392064564628527 0.351114527089521 0.72249632445164 0.666639473289251 0.961448387475684 0.778547361725941 0.588089435594156 0.539735656930134 0.672702468233183 0.146714082919061
